3.032727280418085772e+22
3.241759008151692535e+22
3.465198316639902446e+22
3.704038253136589305e+22
3.959340311005040004e+22
4.232239147388574997e+22
4.523947626048246723e+22
4.835762207779733058e+22
5.169068712366497491e+22
5.525348477677530304e+22
5.906184943282827349e+22
6.313270687846860482e+22
6.748414951576580391e+22
7.213551677156761587e+22
7.710748104909374305e+22
8.242213960377143866e+22
8.810311275164449164e+22
9.417564884682750191e+22
1.006667364945675923e+23
1.076052244986265285e+23
