1.000000000000000000e+08
1.221355536006505787e+08
1.491709345333745182e+08
1.821907467036010325e+08
2.225196770956030786e+08
2.717756394910948873e+08
3.319346818441570997e+08
4.054102612629211545e+08
4.951500669473125935e+08
6.047542754200947285e+08
7.386199822079358101e+08
9.021176042746930122e+08
1.101806330109822512e+09
1.345697260886643410e+09
1.643574799372699738e+09
2.007389180054629087e+09
2.451735887979291439e+09
2.994441199609334469e+09
3.657277336388837814e+09
4.466835921509634972e+09
