1.000000000000000000e+08
1.209205182943207324e+08
1.462177174456715286e+08
1.768072217734321654e+08
2.137962089502232373e+08
2.585234839562188685e+08
3.126079367123962045e+08
3.780071373018116355e+08
4.570881896148751974e+08
5.527134079444345236e+08
6.683439175686135292e+08
8.081649291125384569e+08
9.772372209558111429e+08
1.181680312544783115e+09
1.428893958511106491e+09
1.727825980507866144e+09
2.089296130854040861e+09
2.526387710131895542e+09
3.054921113215509415e+09
3.694026443582841396e+09
4.466835921509634972e+09
