3.032727280418085772e+22
3.230973216552634863e+22
3.442178264259011333e+22
3.667189545934811824e+22
3.906909559406137128e+22
4.162299797756455158e+22
4.434384605779526995e+22
4.724255288524269001e+22
5.033074488410575471e+22
5.362080848472175752e+22
5.712593980430403764e+22
6.086019757525306861e+22
6.483855953333073845e+22
6.907698249186620211e+22
7.359246634294373148e+22
7.840312224227533416e+22
8.352824525124189500e+22
8.898839172746109046e+22
9.480546177428919366e+22
1.010027870799531963e+23
1.076052244986265285e+23
